00111 IN 1100 101110 CONTINENTUH.

QUAE IN HOC ΤΟΜΟ 0οΝΤ1ΝΕΝΤΙ111.

8144414444 Antonine Lorenzene lectori 4414- 84114 141114. 278
1414. 84114 quarta. 288
044144 Eugenieni 444 4141411141 explanatio. 84114441414. 295
Κ414411411441 Gothicum. 8411444414. 307
814νί4111 recitandi regule. 04414144 4444444044111444414114. 322
OFFICIUM 01411οΝ10οΜ PER ANNUM. 8411444444114. 330
14 0441141114 nimeAdventue. Ferietertia. 341

84114 44444 4. · 84114444114. 348
84114 quarte. 84114441414, 355
84114 44414. 84114 44414. 366
04414144 secunde Adventus. 0441414414111404411144441414. 379
84114 44444114. 8411444444114.· 386
84114444114. 84114 141114. 396
84114 44414. 84114 quarte. 104
04414144141114 Adventus. 84114441414. 411

8411444444114. 8411444414. 424
84114 444114.

84114 44414.

04414144 quarte 1111144144.
84114 44444114.

84114 141114.

84114 quarta.

84114 quinte.

Sebbeto. 429
0441111144 quonia 04441444411414. 438
84114 44444114 4441 4141114414 1114 teoto. 448
84114 141114. 458
84114444114. 467
84114441414. 474
84114 44414. 484
8411444414. Sebbeto. 4911
0441141411 quinto 1111144144. 0411114144 quinte Qnedregeeimae. 500
8411444444114. 101 84114 44444114 4441 04114 ovium. 507
84114141114. 102 84114141114. 517
84114444114. 103 84114 quarta. 526
84114 quinte. 104 84114441414. 534
84114 44414. 105 84114 44414. 546
0414111144 44414 Adventus. 107 84411414. 557

84114 seconde· . 111 0414111144 14 Remis 4411441441. 585
1411411114 Nativitntieiiomini. 112 84114 44444114. 569
14 8411111414 0414141 1144111 1444 01111411. 113 84114 141114. 579

1414414 S. 4141444114114814411441. 123 84114444114. 580
14 14414 S. ioannis npoet. 41 41444. 127 84114441414. 596
1440141044 infantium· 131 14 01444 Domini, 411 Nonam. 601
S. Thomee 4144144144. 41 martyr. 130 Ad 84444144 4441 444441141414 411414. 603
S. iacobi 44441411. 136 Ad 441144 levandos. 603
14144140114414414144140441418441111444041411. Sebbeto 444414. 614

139 lN LAETATIONE DlElPASCHAE 8880111180-
044114144 4414 Epiphaniam 4114 444411644414 οο- T10NIS. 615

mini· 146 8411444444114114441144114414. 621
014414444144141414 14 1141441114 1111144111. 150 84114141114. 623

14 44444 o die. 161 84114444114. 626
Tertio die 4414 441 114111484141144144. 170 84114 quinte. 699
14 14414 444411114414 Domini. 175 84114 44414. 632

0414111144 4114144441 44141414 Epiphaniae. 185 84611414. 635
84114 44444114. 191 84115414 14 44141441 84441111 ed Veeperee. 637
84114 141114. 195 0411114144 14 44141441 84441111. 639
84114444114. 200 0441111144 1411144441 8444114. 642
84114 quinte. 203 04414144 quarte. 646
8411444414. 208 04414144 quinte. 647
8416414844414114114. 211 Dominioe sexte. · 656
60150664 secunde poet 44141441 Epiphanio. 215 14 4444441444 Domini 651
0411114144 141114. 220 044114144 4441 Aeoeneionem. 658
Dominioeqnerte. 224 84114441414. 676
04414144441414. 228 84114 44414. 679
04414144 44414. 232 84115414. 665
0441414444411144. 2311 8. festum Pentecosten ι 669
0441141411 441414. 239 04414144 411414 4441. 8. Pentecosten (in (114 4444-
0441111144 4414 diem 01441414. 243 1144111144 Trinitatis).

84114 44411414 044114 jejunii. 246 041414144 44444114 4441 84414444144. 699
04414144 411414 Quedregeeimee. 258 0441141411 141114 7⁰2

84114 44444114. 264 14 0414141114 4414 jejunium Kalendarum Novem-
Hymni Quadregeeimelen. 270 1111441. 705

Ξὸἃέἓὲ-Ξὲἳέἓὲἓέέζέἕῧὲἓῧέἓ ὓὲἱξὲεο

 

